1	1	390.00	350.00	159.10	1.00	-0.00	-0.00
1	1	388.21	338.18	159.10	0.96	-0.30	-0.00
1	1	383.01	327.41	159.10	0.83	-0.56	-0.00
1	1	374.86	318.67	159.10	0.62	-0.78	-0.00
1	1	364.49	312.72	159.10	0.36	-0.93	-0.00
1	1	352.83	310.10	159.10	0.07	-1.00	-0.00
1	1	340.91	311.05	159.10	-0.23	-0.97	-0.00
1	1	329.81	315.47	159.10	-0.50	-0.86	-0.00
1	1	320.50	322.98	159.10	-0.74	-0.68	-0.00
1	1	313.84	332.90	159.10	-0.90	-0.43	-0.00
1	1	310.40	344.36	159.10	-0.99	-0.14	-0.00
1	1	310.00	350.00	159.10	-1.00	-0.00	-0.00
1	2	390.00	350.00	154.10	1.00	-0.00	-0.00
1	2	388.21	338.18	154.10	0.96	-0.30	-0.00
1	2	383.01	327.41	154.10	0.83	-0.56	-0.00
1	2	374.86	318.67	154.10	0.62	-0.78	-0.00
1	2	364.49	312.72	154.10	0.36	-0.93	-0.00
1	2	352.83	310.10	154.10	0.07	-1.00	-0.00
1	2	340.91	311.05	154.10	-0.23	-0.97	-0.00
1	2	329.81	315.47	154.10	-0.50	-0.86	-0.00
1	2	320.50	322.98	154.10	-0.74	-0.68	-0.00
1	2	313.84	332.90	154.10	-0.90	-0.43	-0.00
1	2	310.40	344.36	154.10	-0.99	-0.14	-0.00
1	2	310.00	350.00	154.10	-1.00	-0.00	-0.00
1	3	390.00	350.00	149.10	1.00	-0.00	-0.00
1	3	388.21	338.18	149.10	0.96	-0.30	-0.00
1	3	383.01	327.41	149.10	0.83	-0.56	-0.00
1	3	374.86	318.67	149.10	0.62	-0.78	-0.00
1	3	364.49	312.72	149.10	0.36	-0.93	-0.00
1	3	352.83	310.10	149.10	0.07	-1.00	-0.00
1	3	340.91	311.05	149.10	-0.23	-0.97	-0.00
1	3	329.81	315.47	149.10	-0.50	-0.86	-0.00
1	3	320.50	322.98	149.10	-0.74	-0.68	-0.00
1	3	313.84	332.90	149.10	-0.90	-0.43	-0.00
1	3	310.40	344.36	149.10	-0.99	-0.14	-0.00
1	3	310.00	350.00	149.10	-1.00	-0.00	-0.00
1	4	390.00	350.00	144.10	1.00	-0.00	-0.00
1	4	388.21	338.18	144.10	0.96	-0.30	-0.00
1	4	383.01	327.41	144.10	0.83	-0.56	-0.00
1	4	374.86	318.67	144.10	0.62	-0.78	-0.00
1	4	364.49	312.72	144.10	0.36	-0.93	-0.00
1	4	352.83	310.10	144.10	0.07	-1.00	-0.00
1	4	340.91	311.05	144.10	-0.23	-0.97	-0.00
1	4	329.81	315.47	144.10	-0.50	-0.86	-0.00
1	4	320.50	322.98	144.10	-0.74	-0.68	-0.00
1	4	313.84	332.90	144.10	-0.90	-0.43	-0.00
1	4	310.40	344.36	144.10	-0.99	-0.14	-0.00
1	4	310.00	350.00	144.10	-1.00	-0.00	-0.00
1	5	390.00	350.00	139.10	1.00	-0.00	-0.00
1	5	388.21	338.18	139.10	0.96	-0.30	-0.00
1	5	383.01	327.41	139.10	0.83	-0.56	-0.00
1	5	374.86	318.67	139.10	0.62	-0.78	-0.00
1	5	364.49	312.72	139.10	0.36	-0.93	-0.00
1	5	352.83	310.10	139.10	0.07	-1.00	-0.00
1	5	340.91	311.05	139.10	-0.23	-0.97	-0.00
1	5	329.81	315.47	139.10	-0.50	-0.86	-0.00
1	5	320.50	322.98	139.10	-0.74	-0.68	-0.00
1	5	313.84	332.90	139.10	-0.90	-0.43	-0.00
1	5	310.40	344.36	139.10	-0.99	-0.14	-0.00
1	5	310.00	350.00	139.10	-1.00	-0.00	-0.00
1	6	390.00	350.00	134.10	1.00	-0.00	-0.00
1	6	388.21	338.18	134.10	0.96	-0.30	-0.00
1	6	383.01	327.41	134.10	0.83	-0.56	-0.00
1	6	374.86	318.67	134.10	0.62	-0.78	-0.00
1	6	364.49	312.72	134.10	0.36	-0.93	-0.00
1	6	352.83	310.10	134.10	0.07	-1.00	-0.00
1	6	340.91	311.05	134.10	-0.23	-0.97	-0.00
1	6	329.81	315.47	134.10	-0.50	-0.86	-0.00
1	6	320.50	322.98	134.10	-0.74	-0.68	-0.00
1	6	313.84	332.90	134.10	-0.90	-0.43	-0.00
1	6	310.40	344.36	134.10	-0.99	-0.14	-0.00
1	6	310.00	350.00	134.10	-1.00	-0.00	-0.00
1	7	390.00	350.00	129.10	1.00	-0.00	-0.00
1	7	388.21	338.18	129.10	0.96	-0.30	-0.00
1	7	383.01	327.41	129.10	0.83	-0.56	-0.00
1	7	374.86	318.67	129.10	0.62	-0.78	-0.00
1	7	364.49	312.72	129.10	0.36	-0.93	-0.00
1	7	352.83	310.10	129.10	0.07	-1.00	-0.00
1	7	340.91	311.05	129.10	-0.23	-0.97	-0.00
1	7	329.81	315.47	129.10	-0.50	-0.86	-0.00
1	7	320.50	322.98	129.10	-0.74	-0.68	-0.00
1	7	313.84	332.90	129.10	-0.90	-0.43	-0.00
1	7	310.40	344.36	129.10	-0.99	-0.14	-0.00
1	7	310.00	350.00	129.10	-1.00	-0.00	-0.00
1	8	390.00	350.00	124.10	1.00	-0.00	-0.00
1	8	388.21	338.18	124.10	0.96	-0.30	-0.00
1	8	383.01	327.41	124.10	0.83	-0.56	-0.00
1	8	374.86	318.67	124.10	0.62	-0.78	-0.00
1	8	364.49	312.72	124.10	0.36	-0.93	-0.00
1	8	352.83	310.10	124.10	0.07	-1.00	-0.00
1	8	340.91	311.05	124.10	-0.23	-0.97	-0.00
1	8	329.81	315.47	124.10	-0.50	-0.86	-0.00
1	8	320.50	322.98	124.10	-0.74	-0.68	-0.00
1	8	313.84	332.90	124.10	-0.90	-0.43	-0.00
1	8	310.40	344.36	124.10	-0.99	-0.14	-0.00
1	8	310.00	350.00	124.10	-1.00	-0.00	-0.00
1	9	390.00	350.00	119.10	1.00	-0.00	-0.00
1	9	388.21	338.18	119.10	0.96	-0.30	-0.00
1	9	383.01	327.41	119.10	0.83	-0.56	-0.00
1	9	374.86	318.67	119.10	0.62	-0.78	-0.00
1	9	364.49	312.72	119.10	0.36	-0.93	-0.00
1	9	352.83	310.10	119.10	0.07	-1.00	-0.00
1	9	340.91	311.05	119.10	-0.23	-0.97	-0.00
1	9	329.81	315.47	119.10	-0.50	-0.86	-0.00
1	9	320.50	322.98	119.10	-0.74	-0.68	-0.00
1	9	313.84	332.90	119.10	-0.90	-0.43	-0.00
1	9	310.40	344.36	119.10	-0.99	-0.14	-0.00
1	9	310.00	350.00	119.10	-1.00	-0.00	-0.00
1	10	390.00	350.00	114.10	1.00	-0.00	-0.00
1	10	388.21	338.18	114.10	0.96	-0.30	-0.00
1	10	383.01	327.41	114.10	0.83	-0.56	-0.00
1	10	374.86	318.67	114.10	0.62	-0.78	-0.00
1	10	364.49	312.72	114.10	0.36	-0.93	-0.00
1	10	352.83	310.10	114.10	0.07	-1.00	-0.00
1	10	340.91	311.05	114.10	-0.23	-0.97	-0.00
1	10	329.81	315.47	114.10	-0.50	-0.86	-0.00
1	10	320.50	322.98	114.10	-0.74	-0.68	-0.00
1	10	313.84	332.90	114.10	-0.90	-0.43	-0.00
1	10	310.40	344.36	114.10	-0.99	-0.14	-0.00
1	10	310.00	350.00	114.10	-1.00	-0.00	-0.00
1	11	390.00	350.00	109.10	1.00	-0.00	-0.00
1	11	388.21	338.18	109.10	0.96	-0.30	-0.00
1	11	383.01	327.41	109.10	0.83	-0.56	-0.00
1	11	374.86	318.67	109.10	0.62	-0.78	-0.00
1	11	364.49	312.72	109.10	0.36	-0.93	-0.00
1	11	352.83	310.10	109.10	0.07	-1.00	-0.00
1	11	340.91	311.05	109.10	-0.23	-0.97	-0.00
1	11	329.81	315.47	109.10	-0.50	-0.86	-0.00
1	11	320.50	322.98	109.10	-0.74	-0.68	-0.00
1	11	313.84	332.90	109.10	-0.90	-0.43	-0.00
1	11	310.40	344.36	109.10	-0.99	-0.14	-0.00
1	11	310.00	350.00	109.10	-1.00	-0.00	-0.00
1	12	390.00	350.00	104.10	1.00	-0.00	-0.00
1	12	388.21	338.18	104.10	0.96	-0.30	-0.00
1	12	383.01	327.41	104.10	0.83	-0.56	-0.00
1	12	374.86	318.67	104.10	0.62	-0.78	-0.00
1	12	364.49	312.72	104.10	0.36	-0.93	-0.00
1	12	352.83	310.10	104.10	0.07	-1.00	-0.00
1	12	340.91	311.05	104.10	-0.23	-0.97	-0.00
1	12	329.81	315.47	104.10	-0.50	-0.86	-0.00
1	12	320.50	322.98	104.10	-0.74	-0.68	-0.00
1	12	313.84	332.90	104.10	-0.90	-0.43	-0.00
1	12	310.40	344.36	104.10	-0.99	-0.14	-0.00
1	12	310.00	350.00	104.10	-1.00	-0.00	-0.00
1	13	390.00	350.00	99.10	1.00	-0.00	-0.00
1	13	388.21	338.18	99.10	0.96	-0.30	-0.00
1	13	383.01	327.41	99.10	0.83	-0.56	-0.00
1	13	374.86	318.67	99.10	0.62	-0.78	-0.00
1	13	364.49	312.72	99.10	0.36	-0.93	-0.00
1	13	352.83	310.10	99.10	0.07	-1.00	-0.00
1	13	340.91	311.05	99.10	-0.23	-0.97	-0.00
1	13	329.81	315.47	99.10	-0.50	-0.86	-0.00
1	13	320.50	322.98	99.10	-0.74	-0.68	-0.00
1	13	313.84	332.90	99.10	-0.90	-0.43	-0.00
1	13	310.40	344.36	99.10	-0.99	-0.14	-0.00
1	13	310.00	350.00	99.10	-1.00	-0.00	-0.00
1	14	390.00	350.00	94.10	1.00	-0.00	-0.00
1	14	388.21	338.18	94.10	0.96	-0.30	-0.00
1	14	383.01	327.41	94.10	0.83	-0.56	-0.00
1	14	374.86	318.67	94.10	0.62	-0.78	-0.00
1	14	364.49	312.72	94.10	0.36	-0.93	-0.00
1	14	352.83	310.10	94.10	0.07	-1.00	-0.00
1	14	340.91	311.05	94.10	-0.23	-0.97	-0.00
1	14	329.81	315.47	94.10	-0.50	-0.86	-0.00
1	14	320.50	322.98	94.10	-0.74	-0.68	-0.00
1	14	313.84	332.90	94.10	-0.90	-0.43	-0.00
1	14	310.40	344.36	94.10	-0.99	-0.14	-0.00
1	14	310.00	350.00	94.10	-1.00	-0.00	-0.00
1	15	390.00	350.00	89.10	1.00	-0.00	-0.00
1	15	388.21	338.18	89.10	0.96	-0.30	-0.00
1	15	383.01	327.41	89.10	0.83	-0.56	-0.00
1	15	374.86	318.67	89.10	0.62	-0.78	-0.00
1	15	364.49	312.72	89.10	0.36	-0.93	-0.00
1	15	352.83	310.10	89.10	0.07	-1.00	-0.00
1	15	340.91	311.05	89.10	-0.23	-0.97	-0.00
1	15	329.81	315.47	89.10	-0.50	-0.86	-0.00
1	15	320.50	322.98	89.10	-0.74	-0.68	-0.00
1	15	313.84	332.90	89.10	-0.90	-0.43	-0.00
1	15	310.40	344.36	89.10	-0.99	-0.14	-0.00
1	15	310.00	350.00	89.10	-1.00	-0.00	-0.00
1	16	390.00	350.00	84.10	1.00	-0.00	-0.00
1	16	388.21	338.18	84.10	0.96	-0.30	-0.00
1	16	383.01	327.41	84.10	0.83	-0.56	-0.00
1	16	374.86	318.67	84.10	0.62	-0.78	-0.00
1	16	364.49	312.72	84.10	0.36	-0.93	-0.00
1	16	352.83	310.10	84.10	0.07	-1.00	-0.00
1	16	340.91	311.05	84.10	-0.23	-0.97	-0.00
1	16	329.81	315.47	84.10	-0.50	-0.86	-0.00
1	16	320.50	322.98	84.10	-0.74	-0.68	-0.00
1	16	313.84	332.90	84.10	-0.90	-0.43	-0.00
1	16	310.40	344.36	84.10	-0.99	-0.14	-0.00
1	16	310.00	350.00	84.10	-1.00	-0.00	-0.00
1	17	390.00	350.00	79.10	1.00	-0.00	-0.00
1	17	388.21	338.18	79.10	0.96	-0.30	-0.00
1	17	383.01	327.41	79.10	0.83	-0.56	-0.00
1	17	374.86	318.67	79.10	0.62	-0.78	-0.00
1	17	364.49	312.72	79.10	0.36	-0.93	-0.00
1	17	352.83	310.10	79.10	0.07	-1.00	-0.00
1	17	340.91	311.05	79.10	-0.23	-0.97	-0.00
1	17	329.81	315.47	79.10	-0.50	-0.86	-0.00
1	17	320.50	322.98	79.10	-0.74	-0.68	-0.00
1	17	313.84	332.90	79.10	-0.90	-0.43	-0.00
1	17	310.40	344.36	79.10	-0.99	-0.14	-0.00
1	17	310.00	350.00	79.10	-1.00	-0.00	-0.00
1	18	390.00	350.00	74.10	1.00	-0.00	-0.00
1	18	388.21	338.18	74.10	0.96	-0.30	-0.00
1	18	383.01	327.41	74.10	0.83	-0.56	-0.00
1	18	374.86	318.67	74.10	0.62	-0.78	-0.00
1	18	364.49	312.72	74.10	0.36	-0.93	-0.00
1	18	352.83	310.10	74.10	0.07	-1.00	-0.00
1	18	340.91	311.05	74.10	-0.23	-0.97	-0.00
1	18	329.81	315.47	74.10	-0.50	-0.86	-0.00
1	18	320.50	322.98	74.10	-0.74	-0.68	-0.00
1	18	313.84	332.90	74.10	-0.90	-0.43	-0.00
1	18	310.40	344.36	74.10	-0.99	-0.14	-0.00
1	18	310.00	350.00	74.10	-1.00	-0.00	-0.00
1	19	390.00	350.00	69.10	1.00	-0.00	-0.00
1	19	388.21	338.18	69.10	0.96	-0.30	-0.00
1	19	383.01	327.41	69.10	0.83	-0.56	-0.00
1	19	374.86	318.67	69.10	0.62	-0.78	-0.00
1	19	364.49	312.72	69.10	0.36	-0.93	-0.00
1	19	352.83	310.10	69.10	0.07	-1.00	-0.00
1	19	340.91	311.05	69.10	-0.23	-0.97	-0.00
1	19	329.81	315.47	69.10	-0.50	-0.86	-0.00
1	19	320.50	322.98	69.10	-0.74	-0.68	-0.00
1	19	313.84	332.90	69.10	-0.90	-0.43	-0.00
1	19	310.40	344.36	69.10	-0.99	-0.14	-0.00
1	19	310.00	350.00	69.10	-1.00	-0.00	-0.00
1	20	390.00	350.00	64.10	1.00	-0.00	-0.00
1	20	388.21	338.18	64.10	0.96	-0.30	-0.00
1	20	383.01	327.41	64.10	0.83	-0.56	-0.00
1	20	374.86	318.67	64.10	0.62	-0.78	-0.00
1	20	364.49	312.72	64.10	0.36	-0.93	-0.00
1	20	352.83	310.10	64.10	0.07	-1.00	-0.00
1	20	340.91	311.05	64.10	-0.23	-0.97	-0.00
1	20	329.81	315.47	64.10	-0.50	-0.86	-0.00
1	20	320.50	322.98	64.10	-0.74	-0.68	-0.00
1	20	313.84	332.90	64.10	-0.90	-0.43	-0.00
1	20	310.40	344.36	64.10	-0.99	-0.14	-0.00
1	20	310.00	350.00	64.10	-1.00	-0.00	-0.00
1	21	390.00	350.00	59.10	1.00	-0.00	-0.00
1	21	388.21	338.18	59.10	0.96	-0.30	-0.00
1	21	383.01	327.41	59.10	0.83	-0.56	-0.00
1	21	374.86	318.67	59.10	0.62	-0.78	-0.00
1	21	364.49	312.72	59.10	0.36	-0.93	-0.00
1	21	352.83	310.10	59.10	0.07	-1.00	-0.00
1	21	340.91	311.05	59.10	-0.23	-0.97	-0.00
1	21	329.81	315.47	59.10	-0.50	-0.86	-0.00
1	21	320.50	322.98	59.10	-0.74	-0.68	-0.00
1	21	313.84	332.90	59.10	-0.90	-0.43	-0.00
1	21	310.40	344.36	59.10	-0.99	-0.14	-0.00
1	21	310.00	350.00	59.10	-1.00	-0.00	-0.00
1	22	390.00	350.00	54.10	1.00	-0.00	-0.00
1	22	388.21	338.18	54.10	0.96	-0.30	-0.00
1	22	383.01	327.41	54.10	0.83	-0.56	-0.00
1	22	374.86	318.67	54.10	0.62	-0.78	-0.00
1	22	364.49	312.72	54.10	0.36	-0.93	-0.00
1	22	352.83	310.10	54.10	0.07	-1.00	-0.00
1	22	340.91	311.05	54.10	-0.23	-0.97	-0.00
1	22	329.81	315.47	54.10	-0.50	-0.86	-0.00
1	22	320.50	322.98	54.10	-0.74	-0.68	-0.00
1	22	313.84	332.90	54.10	-0.90	-0.43	-0.00
1	22	310.40	344.36	54.10	-0.99	-0.14	-0.00
1	22	310.00	350.00	54.10	-1.00	-0.00	-0.00
1	23	390.00	350.00	49.10	1.00	-0.00	-0.00
1	23	388.21	338.18	49.10	0.96	-0.30	-0.00
1	23	383.01	327.41	49.10	0.83	-0.56	-0.00
1	23	374.86	318.67	49.10	0.62	-0.78	-0.00
1	23	364.49	312.72	49.10	0.36	-0.93	-0.00
1	23	352.83	310.10	49.10	0.07	-1.00	-0.00
1	23	340.91	311.05	49.10	-0.23	-0.97	-0.00
1	23	329.81	315.47	49.10	-0.50	-0.86	-0.00
1	23	320.50	322.98	49.10	-0.74	-0.68	-0.00
1	23	313.84	332.90	49.10	-0.90	-0.43	-0.00
1	23	310.40	344.36	49.10	-0.99	-0.14	-0.00
1	23	310.00	350.00	49.10	-1.00	-0.00	-0.00
1	24	390.00	350.00	44.10	1.00	-0.00	-0.00
1	24	388.21	338.18	44.10	0.96	-0.30	-0.00
1	24	383.01	327.41	44.10	0.83	-0.56	-0.00
1	24	374.86	318.67	44.10	0.62	-0.78	-0.00
1	24	364.49	312.72	44.10	0.36	-0.93	-0.00
1	24	352.83	310.10	44.10	0.07	-1.00	-0.00
1	24	340.91	311.05	44.10	-0.23	-0.97	-0.00
1	24	329.81	315.47	44.10	-0.50	-0.86	-0.00
1	24	320.50	322.98	44.10	-0.74	-0.68	-0.00
1	24	313.84	332.90	44.10	-0.90	-0.43	-0.00
1	24	310.40	344.36	44.10	-0.99	-0.14	-0.00
1	24	310.00	350.00	44.10	-1.00	-0.00	-0.00
1	25	390.00	350.00	39.10	1.00	-0.00	-0.00
1	25	388.21	338.18	39.10	0.96	-0.30	-0.00
1	25	383.01	327.41	39.10	0.83	-0.56	-0.00
1	25	374.86	318.67	39.10	0.62	-0.78	-0.00
1	25	364.49	312.72	39.10	0.36	-0.93	-0.00
1	25	352.83	310.10	39.10	0.07	-1.00	-0.00
1	25	340.91	311.05	39.10	-0.23	-0.97	-0.00
1	25	329.81	315.47	39.10	-0.50	-0.86	-0.00
1	25	320.50	322.98	39.10	-0.74	-0.68	-0.00
1	25	313.84	332.90	39.10	-0.90	-0.43	-0.00
1	25	310.40	344.36	39.10	-0.99	-0.14	-0.00
1	25	310.00	350.00	39.10	-1.00	-0.00	-0.00
1	26	390.00	350.00	34.10	1.00	-0.00	-0.00
1	26	388.21	338.18	34.10	0.96	-0.30	-0.00
1	26	383.01	327.41	34.10	0.83	-0.56	-0.00
1	26	374.86	318.67	34.10	0.62	-0.78	-0.00
1	26	364.49	312.72	34.10	0.36	-0.93	-0.00
1	26	352.83	310.10	34.10	0.07	-1.00	-0.00
1	26	340.91	311.05	34.10	-0.23	-0.97	-0.00
1	26	329.81	315.47	34.10	-0.50	-0.86	-0.00
1	26	320.50	322.98	34.10	-0.74	-0.68	-0.00
1	26	313.84	332.90	34.10	-0.90	-0.43	-0.00
1	26	310.40	344.36	34.10	-0.99	-0.14	-0.00
1	26	310.00	350.00	34.10	-1.00	-0.00	-0.00
1	27	390.00	350.00	29.10	1.00	-0.00	-0.00
1	27	388.21	338.18	29.10	0.96	-0.30	-0.00
1	27	383.01	327.41	29.10	0.83	-0.56	-0.00
1	27	374.86	318.67	29.10	0.62	-0.78	-0.00
1	27	364.49	312.72	29.10	0.36	-0.93	-0.00
1	27	352.83	310.10	29.10	0.07	-1.00	-0.00
1	27	340.91	311.05	29.10	-0.23	-0.97	-0.00
1	27	329.81	315.47	29.10	-0.50	-0.86	-0.00
1	27	320.50	322.98	29.10	-0.74	-0.68	-0.00
1	27	313.84	332.90	29.10	-0.90	-0.43	-0.00
1	27	310.40	344.36	29.10	-0.99	-0.14	-0.00
1	27	310.00	350.00	29.10	-1.00	-0.00	-0.00
1	28	390.00	350.00	24.10	1.00	-0.00	-0.00
1	28	388.21	338.18	24.10	0.96	-0.30	-0.00
1	28	383.01	327.41	24.10	0.83	-0.56	-0.00
1	28	374.86	318.67	24.10	0.62	-0.78	-0.00
1	28	364.49	312.72	24.10	0.36	-0.93	-0.00
1	28	352.83	310.10	24.10	0.07	-1.00	-0.00
1	28	340.91	311.05	24.10	-0.23	-0.97	-0.00
1	28	329.81	315.47	24.10	-0.50	-0.86	-0.00
1	28	320.50	322.98	24.10	-0.74	-0.68	-0.00
1	28	313.84	332.90	24.10	-0.90	-0.43	-0.00
1	28	310.40	344.36	24.10	-0.99	-0.14	-0.00
1	28	310.00	350.00	24.10	-1.00	-0.00	-0.00
1	29	390.00	350.00	19.10	1.00	-0.00	-0.00
1	29	388.21	338.18	19.10	0.96	-0.30	-0.00
1	29	383.01	327.41	19.10	0.83	-0.56	-0.00
1	29	374.86	318.67	19.10	0.62	-0.78	-0.00
1	29	364.49	312.72	19.10	0.36	-0.93	-0.00
1	29	352.83	310.10	19.10	0.07	-1.00	-0.00
1	29	340.91	311.05	19.10	-0.23	-0.97	-0.00
1	29	329.81	315.47	19.10	-0.50	-0.86	-0.00
1	29	320.50	322.98	19.10	-0.74	-0.68	-0.00
1	29	313.84	332.90	19.10	-0.90	-0.43	-0.00
1	29	310.40	344.36	19.10	-0.99	-0.14	-0.00
1	29	310.00	350.00	19.10	-1.00	-0.00	-0.00
1	30	390.00	350.00	14.10	1.00	-0.00	-0.00
1	30	388.21	338.18	14.10	0.96	-0.30	-0.00
1	30	383.01	327.41	14.10	0.83	-0.56	-0.00
1	30	374.86	318.67	14.10	0.62	-0.78	-0.00
1	30	364.49	312.72	14.10	0.36	-0.93	-0.00
1	30	352.83	310.10	14.10	0.07	-1.00	-0.00
1	30	340.91	311.05	14.10	-0.23	-0.97	-0.00
1	30	329.81	315.47	14.10	-0.50	-0.86	-0.00
1	30	320.50	322.98	14.10	-0.74	-0.68	-0.00
1	30	313.84	332.90	14.10	-0.90	-0.43	-0.00
1	30	310.40	344.36	14.10	-0.99	-0.14	-0.00
1	30	310.00	350.00	14.10	-1.00	-0.00	-0.00
1	31	390.00	350.00	9.10	1.00	-0.00	-0.00
1	31	388.21	338.18	9.10	0.96	-0.30	-0.00
1	31	383.01	327.41	9.10	0.83	-0.56	-0.00
1	31	374.86	318.67	9.10	0.62	-0.78	-0.00
1	31	364.49	312.72	9.10	0.36	-0.93	-0.00
1	31	352.83	310.10	9.10	0.07	-1.00	-0.00
1	31	340.91	311.05	9.10	-0.23	-0.97	-0.00
1	31	329.81	315.47	9.10	-0.50	-0.86	-0.00
1	31	320.50	322.98	9.10	-0.74	-0.68	-0.00
1	31	313.84	332.90	9.10	-0.90	-0.43	-0.00
1	31	310.40	344.36	9.10	-0.99	-0.14	-0.00
1	31	310.00	350.00	9.10	-1.00	-0.00	-0.00
1	32	390.00	350.00	4.10	1.00	-0.00	-0.00
1	32	388.21	338.18	4.10	0.96	-0.30	-0.00
1	32	383.01	327.41	4.10	0.83	-0.56	-0.00
1	32	374.86	318.67	4.10	0.62	-0.78	-0.00
1	32	364.49	312.72	4.10	0.36	-0.93	-0.00
1	32	352.83	310.10	4.10	0.07	-1.00	-0.00
1	32	340.91	311.05	4.10	-0.23	-0.97	-0.00
1	32	329.81	315.47	4.10	-0.50	-0.86	-0.00
1	32	320.50	322.98	4.10	-0.74	-0.68	-0.00
1	32	313.84	332.90	4.10	-0.90	-0.43	-0.00
1	32	310.40	344.36	4.10	-0.99	-0.14	-0.00
1	32	310.00	350.00	4.10	-1.00	-0.00	-0.00
1	33	390.00	350.00	0.90	1.00	-0.00	-0.00
1	33	388.21	338.18	0.90	0.96	-0.30	-0.00
1	33	383.01	327.41	0.90	0.83	-0.56	-0.00
1	33	374.86	318.67	0.90	0.62	-0.78	-0.00
1	33	364.49	312.72	0.90	0.36	-0.93	-0.00
1	33	352.83	310.10	0.90	0.07	-1.00	-0.00
1	33	340.91	311.05	0.90	-0.23	-0.97	-0.00
1	33	329.81	315.47	0.90	-0.50	-0.86	-0.00
1	33	320.50	322.98	0.90	-0.74	-0.68	-0.00
1	33	313.84	332.90	0.90	-0.90	-0.43	-0.00
1	33	310.40	344.36	0.90	-0.99	-0.14	-0.00
1	33	310.00	350.00	0.90	-1.00	-0.00	-0.00
